pointing_motor_position
1900, 1900, 2950, 1200, 1200, 2418, 0, 0, 0, 0, 0, 0, 0, 0, 0, 2000 
2130, 2130, 2430 ,0 ,0, 0, 1500, 1050, 2580, 1267, 1471, 2080, 0, 0, 0, 3740 
2303, 2369, 2400, 0, 0, 0, 0, 0, 0, 1161, 1161, 2000, 0, 0, 0, 3910 
1220, 2160, 2400, 0, 0, 0, 0, 0, 0, 0, 0, 0, 1210, 1210, 1660, 4095 

second_pointing_motor_position
1900, 1900, 2950, 1200, 1200, 2418, 0, 0, 0, 0, 0, 0, 0, 0, 0, 2000 
2230, 2230, 2200 ,0 ,0, 0, 1600, 1150, 2260, 1367, 1571, 1422, 0, 0, 0, 3900 
2303, 2369, 2400, 0, 0, 0, 0, 0, 0, 1161, 1161, 2000, 0, 0, 0, 3910 
1220, 2160, 2400, 0, 0, 0, 0, 0, 0, 0, 0, 0, 1210, 1210, 1660, 4095 