pointing_motor_position
1645, 1911, 2997, 1567, 1159, 2108, 1128, 1598, 2574, 0, 0, 0, 0, 0, 0, 2397
2179, 2179, 2264, 0, 0, 0, 1482, 1482, 2200, 0, 0, 0, 0, 0, 0, 3145
2303, 2369, 2480, 0, 0, 0, 0, 0, 0, 1161, 1161, 2030, 0, 0, 0, 3940
1245, 2185, 2400, 0, 0, 0, 0, 0, 0, 0, 0, 0, 1299, 1299, 1798, 4095

second_pointing_motor_position
1645, 1911, 2997, 1567, 1159, 2108, 1128, 1598, 2574, 0, 0, 0, 0, 0, 0, 2397
2179, 2179, 2264, 0, 0, 0, 1482, 1482, 2200, 0, 0, 0, 0, 0, 0, 3145
2303, 2369, 2480, 0, 0, 0, 0, 0, 0, 1161, 1161, 2030, 0, 0, 0, 3940
1245, 2185, 2400, 0, 0, 0, 0, 0, 0, 0, 0, 0, 1299, 1299, 1798, 4095